862	0
863	0
864	0
865	1
866	1
867	1
868	1
869	0
870	0
871	1
872	0
873	1
874	1
875	1
876	1
877	0
878	1
879	1
880	1
881	1
882	1
883	1
884	1
885	1
886	0
887	1
888	1
889	1
890	1
891	1
892	1
893	0
894	0
895	0
896	1
897	0
898	1
899	1
900	0
901	0
902	1
903	1
904	0
905	0
906	0
907	0
908	0
909	1
910	1
911	1
912	0
913	1
914	1
915	1
916	0
917	0
918	1
919	1
920	0
921	0
922	0
923	0
924	1
925	1
926	0
927	0
928	0
929	0
930	1
931	1
932	0
933	0
934	0
935	0
936	0
937	0
938	0
939	0
940	0
941	1
942	1
943	0
944	0
945	0
946	1
947	1
948	1
949	1
950	1
951	0
952	0
953	0
954	0
955	0
956	0
957	1
958	1
959	1
960	0
961	0
962	0
963	0
964	0
965	0
966	0
967	1
968	1
969	1
970	0
971	1
972	1
973	1
974	0
975	0
976	1
977	1
978	0
979	0
980	0
981	0
982	1
983	1
984	1
985	1
986	0
987	0
988	0
989	0
990	0
991	0
992	0
993	0
994	0
995	0
996	0
997	0
998	0
999	0
1000	1
1001	1
1002	0
1003	0
1004	0
1005	0
1006	0
1007	1
1008	1
1009	0
1010	1
1011	1
1012	1
1013	0
1014	0
1015	0
1016	0
1017	0
1018	1
1019	1
1020	1
1021	0
1022	1
1023	1
1024	0
1025	0
1026	0
1027	0
1028	0
1029	0
1030	1
1031	1
1032	0
1033	0
1034	0
1035	0
1036	0
1037	0
1038	0
1039	0
1040	0
1041	0
1042	1
1043	1
1044	1
1045	1
1046	1
1047	0
1048	0
1049	1
1050	1
1051	0
1052	0
1053	0
1054	0
1055	1
1056	1
1057	0
1058	0
1059	1
1060	1
1061	1
1062	1
1063	1
1064	1
1065	1
1066	1
1067	0
1068	1
1069	1
1070	1
1071	1
1072	0
1073	0
1074	0
1075	0
1076	0
1077	0
1078	1
1079	1
1080	1
1081	1
1082	1
1083	1
1084	1
1085	1
1086	0
1087	1
1088	1
1089	1
1090	1
1091	1
1092	0
1093	0
1094	0
1095	0
1096	1
1097	1
1098	1
1099	1
1100	1
1101	0
1102	0
1103	0
1104	0
1105	0
1106	0
1107	1
1108	1
1109	0
1110	0
1111	0
1112	0
1113	0
1114	0
1115	0
1116	0
1117	1
1118	0
1119	1
1120	0
1121	1
1122	1
1123	1
1124	1
1125	0
1126	1
1127	0
1128	1
1129	1
1130	0
1131	1
1132	0
1133	1
1134	1
1135	1
1136	1
1137	0
1138	1
1139	1
1140	1
1141	1
1142	0
1143	0
1144	0
1145	0
1146	0
1147	1
1148	1
1149	1
1150	1
1151	1
1152	1
1153	1
1154	1
1155	1
1156	0
1157	0
1158	1
1159	1
1160	1
1161	1
1162	0
1163	0
1164	0
1165	1
1166	1
1167	1
1168	1
1169	1
1170	0
1171	1
1172	1
1173	1
1174	0
1175	1
1176	1
1177	1
1178	0
1179	0
1180	0
1181	0
1182	1
1183	1
1184	1
1185	0
1186	0
1187	0
1188	0
1189	1
1190	1
1191	1
1192	1
1193	1
1194	1
1195	1
1196	1
1197	0
1198	0
1199	0
1200	0
1201	0
1202	0
1203	0
1204	1
1205	1
1206	1
1207	1
1208	1
1209	1
1210	1
1211	1
1212	1
1213	1
1214	1
1215	0
1216	0
1217	0
1218	0
1219	0
1220	0
1221	1
1222	1
1223	1
1224	0
1225	0
1226	0
1227	1
1228	1
1229	1
1230	0
1231	1
1232	1
1233	1
1234	1
1235	0
1236	0
1237	0
1238	0
1239	1
1240	1
1241	1
1242	1
1243	0
1244	0
1245	0
1246	0
1247	1
1248	1
1249	1
1250	1
1251	1
1252	1
1253	0
1254	1
1255	1
1256	0
1257	1
1258	1
1259	1
1260	0
1261	0
1262	0
1263	0
1264	0
1265	0
1266	0
1267	0
1268	0
1269	0
1270	1
1271	1
1272	1
1273	0
1274	1
1275	1
1276	0
1277	1
1278	0
1279	1
1280	1
1281	0
1282	0
1283	0
1284	0
1285	1
1286	1
1287	0
1288	1
1289	0
1290	0
1291	0
1292	1
1293	1
1294	1
1295	1
1296	1
1297	1
1298	0
1299	1
1300	0
1301	0
1302	0
1303	0
1304	0
1305	1
1306	0
1307	1
1308	1
1309	1
1310	0
1311	0
1312	0
1313	1
1314	1
1315	1
1316	1
1317	0
1318	1
1319	0
1320	0
1321	0
1322	1
1323	1
1324	1
1325	0
1326	1
1327	1
1328	1
1329	1
1330	1
1331	0
1332	1
1333	0
1334	0
1335	0
1336	1
1337	1
1338	0
1339	1
1340	0
1341	0
1342	0
1343	0
1344	0
1345	1
1346	1
1347	1
1348	1
1349	1
1350	1
1351	1
1352	1
1353	1
1354	0
1355	1
1356	1
1357	1
1358	0
1359	0
1360	0
1361	0
1362	0
1363	0
1364	1
1365	1
1366	1
1367	0
1368	1
1369	0
1370	1
1371	1
1372	1
1373	1
1374	1
1375	0
1376	1
1377	1
1378	1
1379	0
1380	0
1381	0
1382	0
1383	1
1384	0
1385	1
1386	1
1387	1
1388	0
1389	1
1390	0
1391	0
1392	0
1393	0
1394	0
1395	0
1396	0
1397	0
1398	0
1399	0
1400	0
1401	1
1402	1
1403	0
1404	1
1405	1
1406	0
1407	0
1408	0
1409	0
1410	0
1411	0
1412	1
1413	0
1414	0
1415	1
1416	1
1417	1
1418	1
1419	1
1420	1
1421	1
1422	0
1423	0
1424	0
1425	0
1426	0
1427	0
1428	1
1429	1
1430	1
1431	1
1432	0
1433	0
1434	0
1435	0
1436	0
1437	1
1438	1
1439	0
1440	0
1441	1
1442	1
1443	1
1444	1
1445	0
1446	0
1447	0
1448	0
1449	0
1450	0
1451	0
1452	1
1453	1
1454	1
1455	1
1456	0
1457	1
1458	1
1459	1
1460	1
1461	1
1462	0
1463	0
1464	1
1465	1
1466	1
1467	1
1468	1
1469	1
1470	1
1471	1
1472	1
1473	1
1474	0
1475	0
1476	0
1477	0
1478	0
1479	0
1480	0
1481	0
1482	0
1483	1
1484	1
1485	1
1486	1
1487	1
1488	0
1489	0
1490	0
1491	1
1492	0
1493	1
1494	1
1495	1
1496	1
1497	0
1498	0
1499	0
1500	1
1501	1
1502	1
1503	0
1504	1
1505	1
1506	0
1507	0
1508	0
1509	0
1510	0
1511	1
1512	1
1513	1
1514	1
1515	0
1516	0
1517	1
1518	1
1519	1
1520	0
1521	0
1522	0
1523	0
1524	0
1525	0
1526	0
1527	0
1528	0
1529	0
1530	0
1531	0
1532	0
1533	0
1534	0
1535	0
1536	0
1537	0
1538	0
1539	0
1540	0
1541	0
1542	0
1543	0
1544	0
1545	0
1546	0
1547	0
1548	0
1549	0
1550	0
1551	0
1552	0
1553	0
1554	0
1555	0
1556	0
1557	0
1558	0
1559	0
1560	0
1561	0
1562	1
1563	1
1564	1
1565	0
1566	0
1567	0
1568	1
1569	1
1570	1
1571	1
1572	0
1573	0
1574	0
1575	0
1576	1
1577	0
1578	0
1579	1
1580	1
1581	1
1582	0
1583	0
1584	0
1585	0
1586	0
1587	0
1588	0
1589	0
1590	0
1591	0
1592	0
1593	0
1594	0
1595	0
1596	0
1597	0
1598	0
1599	0
1600	0
1601	0
1602	0
1603	0
1604	0
1605	0
1606	0
1607	0
1608	0
1609	0
1610	0
1611	0
1612	0
1613	0
1614	0
1615	0
1616	0
1617	0
1618	0
1619	0
1620	0
1621	0
1622	0
1623	0
1624	0
1625	0
1626	0
1627	0
1628	0
1629	0
1630	0
1631	0
1632	0
1633	0
1634	0
1635	0
1636	0
1637	0
1638	0
1639	0
1640	0
1641	0
1642	0
1643	0
1644	0
1645	0
1646	0
1647	0
1648	0
1649	0
1650	0
1651	0
1652	0
1653	0
1654	0
1655	0
1656	0
1657	0
1658	0
1659	0
1660	0
1661	0
1662	0
1663	0
1664	0
1665	0
1666	0
1667	0
1668	0
1669	0
1670	0
1671	0
1672	0
1673	0
1674	0
1675	0
1676	0
1677	0
1678	1
1679	1
1680	1
1681	0
1682	0
1683	1
1684	0
1685	0
1686	0
1687	1
1688	1
1689	1
1690	1
1691	1
1692	0
1693	1
1694	1
1695	0
1696	0
1697	0
1698	0
1699	0
1700	0
1701	0
1702	1
1703	1
1704	0
1705	0
1706	1
1707	1
1708	0
1709	0
1710	0
1711	0
1712	0
1713	0
1714	0
1715	1
1716	1
1717	0
1718	1
1719	1
1720	1
1721	0
1722	0
1723	0
1724	0
1725	0
1726	0
1727	0
1728	1
1729	1
1730	1
1731	0
1732	0
1733	0
1734	0
1735	1
1736	1
1737	0
1738	0
1739	0
1740	0
1741	0
1742	0
1743	0
1744	1
1745	1
1746	0
1747	1
1748	1
1749	0
1750	0
1751	1
1752	1
1753	1
1754	0
1755	0
1756	0
1757	0
1758	0
1759	0
1760	0
1761	0
1762	1
1763	1
1764	1
1765	1
1766	1
1767	1
1768	1
1769	0
1770	1
1771	0
1772	0
1773	1
1774	0
1775	0
1776	0
1777	0
1778	0
1779	0
1780	0
1781	1
1782	1
1783	1
1784	1
1785	1
1786	1
1787	1
1788	1
1789	0
1790	0
1791	0
1792	1
1793	0
1794	0
1795	1
1796	1
1797	1
1798	1
1799	1
1800	1
1801	1
1802	0
1803	0
1804	1
1805	0
1806	0
1807	1
1808	1
1809	0
1810	0
1811	0
1812	1
1813	1
1814	1
1815	1
1816	1
1817	1
1818	0
1819	0
1820	1
1821	1
1822	1
1823	0
1824	0
1825	0
1826	1
1827	1
1828	1
1829	1
1830	0
1831	0
1832	1
1833	1
1834	0
1835	0
1836	1
1837	1
1838	1
1839	1
1840	1
1841	1
1842	1
1843	1
1844	0
1845	1
1846	0
1847	1
1848	1
1849	0
1850	0
1851	0
1852	0
1853	0
1854	0
1855	0
1856	0
1857	1
1858	1
1859	0
1860	0
1861	0
1862	0
1863	0
1864	1
1865	1
1866	1
1867	1
1868	1
1869	1
1870	1
1871	1
1872	1
1873	0
1874	0
1875	1
1876	1
1877	0
1878	0
1879	0
1880	0
1881	0
1882	0
1883	0
1884	1
1885	1
1886	0
1887	0
1888	0
1889	0
1890	1
1891	1
1892	0
1893	0
1894	0
1895	1
1896	1
1897	1
1898	1
1899	0
1900	0
1901	1
1902	1
1903	1
1904	0
1905	1
1906	1
1907	0
1908	1
1909	1
1910	1
1911	0
1912	0
1913	1
1914	1
1915	1
1916	1
1917	0
1918	0
1919	0
1920	1
1921	1
1922	1
1923	1
1924	0
1925	0
1926	0
1927	0
1928	1
1929	1
1930	1
1931	1
1932	1
1933	1
1934	0
1935	0
1936	0
1937	0
1938	1
1939	0
1940	0
1941	0
1942	1
1943	1
1944	1
1945	1
1946	0
1947	0
1948	0
1949	0
1950	0
1951	0
1952	0
1953	0
1954	0
1955	1
1956	1
1957	1
1958	1
1959	0
1960	0
1961	0
1962	1
1963	0
1964	1
1965	1
1966	1
1967	1
1968	1
1969	1
1970	0
1971	0
1972	0
1973	0
1974	0
1975	0
1976	1
1977	0
1978	0
1979	0
1980	1
1981	1
1982	1
1983	0
1984	1
1985	1
1986	0
1987	1
1988	1
1989	1
1990	0
1991	1
1992	1
1993	1
1994	1
1995	1
1996	1
1997	0
1998	1
1999	0
2000	0
2001	1
2002	1
2003	1
2004	0
2005	0
2006	0
2007	0
2008	0
2009	0
2010	0
2011	0
2012	1
2013	1
2014	1
2015	0
2016	1
2017	0
2018	1
2019	1
2020	1
2021	1
2022	1
2023	1
2024	0
2025	1
2026	1
2027	1
2028	0
2029	0
2030	0
2031	1
2032	1
2033	0
2034	0
2035	1
2036	1
2037	1
2038	1
2039	0
2040	0
2041	0
2042	1
2043	1
2044	0
2045	0
2046	0
2047	0
2048	0
2049	0
2050	1
2051	1
2052	1
2053	1
2054	1
2055	1
2056	1
2057	0
2058	1
2059	1
2060	1
2061	0
2062	0
2063	0
2064	0
2065	0
2066	0
2067	1
2068	1
2069	1
2070	1
2071	0
2072	0
2073	0
2074	0
2075	1
2076	1
2077	1
2078	1
2079	0
2080	0
2081	0
2082	0
2083	1
2084	1
2085	1
2086	0
2087	0
2088	1
2089	1
2090	1
2091	1
2092	0
2093	1
2094	1
2095	1
2096	1
2097	1
2098	1
2099	0
2100	1
2101	1
2102	1
2103	1
2104	1
2105	1
2106	1
2107	0
2108	0
2109	1
2110	1
2111	0
2112	0
2113	1
2114	1
2115	1
2116	1
2117	1
2118	0
2119	0
2120	1
2121	1
2122	1
2123	0
2124	1
2125	1
2126	1
2127	1
2128	1
2129	1
2130	0
2131	0
2132	0
2133	0
2134	0
2135	0
2136	1
2137	1
2138	0
2139	0
2140	0
2141	0
2142	0
2143	0
2144	0
2145	0
2146	1
2147	1
2148	0
2149	0
2150	0
2151	0
2152	0
2153	0
2154	0
2155	0
2156	0
2157	0
2158	1
2159	1
2160	1
2161	1
2162	1
2163	0
2164	1
2165	0
2166	0
2167	0
2168	1
2169	1
2170	1
2171	1
2172	0
2173	0
2174	0
2175	0
2176	0
2177	0
2178	1
2179	0
2180	1
2181	1
2182	1
2183	0
2184	1
2185	1
2186	1
2187	0
2188	0
2189	0
2190	0
2191	0
2192	0
2193	0
2194	0
2195	1
2196	1
2197	1
2198	0
2199	1
2200	1
2201	1
2202	0
2203	0
2204	0
2205	1
2206	0
2207	0
2208	1
2209	1
2210	1
2211	1
2212	0
2213	0
2214	0
2215	1
2216	1
2217	0
2218	1
2219	1
2220	1
2221	0
2222	0
2223	0
2224	1
2225	1
2226	1
2227	1
2228	1
2229	1
2230	1
2231	1
2232	0
2233	0
2234	0
2235	0
2236	1
2237	1
2238	1
2239	1
2240	1
2241	1
2242	1
2243	1
2244	1
2245	0
2246	0
2247	0
2248	0
2249	1
2250	1
2251	1
2252	0
2253	0
2254	1
2255	0
2256	1
2257	1
2258	0
2259	0
2260	0
2261	0
2262	0
2263	0
2264	1
2265	1
2266	1
2267	0
2268	0
2269	0
2270	1
2271	1
2272	1
2273	1
2274	1
2275	1
2276	0
2277	0
2278	0
2279	0
2280	1
2281	1
2282	1
2283	1
2284	1
2285	0
2286	0
2287	1
2288	0
2289	0
2290	1
2291	1
2292	1
2293	1
2294	0
2295	0
2296	1
2297	1
2298	0
2299	0
2300	1
2301	0
2302	1
2303	0
2304	0
2305	1
2306	1
2307	1
2308	1
2309	0
2310	0
2311	1
2312	1
2313	0
2314	1
2315	1
2316	0
2317	0
2318	0
2319	0
2320	0
2321	0
2322	0
2323	1
2324	1
2325	1
2326	1
2327	1
2328	0
2329	0
2330	1
2331	1
2332	0
2333	0
2334	0
2335	0
2336	0
2337	0
2338	0
2339	0
2340	0
2341	0
2342	0
2343	0
2344	0
2345	0
2346	0
2347	0
2348	0
2349	0
2350	0
2351	0
2352	0
2353	0
2354	0
2355	0
2356	0
2357	0
2358	0
2359	0
2360	0
2361	0
2362	0
2363	0
2364	0
2365	0
2366	0
2367	0
2368	0
2369	0
2370	0
2371	0
2372	0
2373	0
2374	0
2375	0
2376	0
2377	0
2378	0
2379	0
2380	1
2381	1
2382	0
2383	0
2384	1
2385	1
2386	1
2387	1
2388	1
2389	0
2390	0
2391	0
2392	0
2393	1
2394	1
2395	0
2396	1
2397	1
2398	1
2399	1
2400	1
2401	1
2402	0
2403	0
2404	1
2405	0
2406	1
2407	0
2408	0
2409	1
2410	1
2411	1
2412	1
2413	0
2414	0
2415	0
2416	0
2417	0
2418	0
2419	0
2420	0
2421	1
2422	1
2423	1
2424	1
2425	0
2426	0
2427	0
2428	0
2429	0
2430	1
2431	1
2432	0
2433	0
2434	1
2435	1
2436	1
2437	1
2438	0
2439	1
2440	0
2441	0
2442	0
2443	1
2444	0
2445	0
2446	1
2447	1
2448	1
2449	1
2450	1
2451	0
2452	0
2453	0
2454	0
2455	0
2456	1
2457	1
2458	1
2459	1
2460	1
2461	0
2462	0
2463	0
2464	0
2465	0
2466	1
2467	0
2468	1
2469	1
2470	1
2471	1
2472	1
2473	0
2474	0
2475	0
2476	0
2477	1
2478	1
2479	1
2480	0
2481	1
2482	1
2483	1
2484	0
2485	0
2486	0
2487	1
2488	0
2489	1
2490	0
2491	1
2492	1
2493	1
2494	1
2495	1
2496	0
2497	0
2498	0
2499	0
2500	0
2501	1
2502	0
2503	1
2504	1
2505	1
2506	1
2507	1
2508	0
2509	0
2510	0
2511	1
2512	1
2513	0
2514	1
2515	1
2516	1
2517	1
2518	0
2519	1
2520	1
2521	1
2522	0
2523	1
2524	0
2525	0
2526	0
2527	1
2528	1
2529	1
2530	1
2531	1
2532	1
2533	0
2534	0
2535	0
2536	0
2537	0
2538	0
2539	0
2540	0
2541	1
2542	0
2543	0
2544	0
2545	0
2546	0
2547	1
2548	1
2549	1
2550	0
2551	1
2552	1
2553	1
2554	1
2555	0
2556	0
2557	0
2558	0
2559	1
2560	1
2561	1
2562	1
2563	0
2564	1
2565	1
2566	1
2567	0
2568	0
2569	0
2570	0
2571	1
2572	0
2573	0
2574	0
2575	0
2576	0
2577	0
2578	0
2579	0
2580	0
2581	1
2582	1
2583	1
2584	1
2585	1
2586	1
2587	0
2588	0
2589	0
2590	0
2591	0
2592	0
2593	1
2594	0
2595	0
2596	0
2597	0
2598	1
2599	0
2600	0
2601	0
2602	0
2603	1
2604	0
2605	0
2606	0
2607	0
2608	0
2609	0
2610	0
2611	0
2612	0
2613	0
2614	1
2615	0
2616	0
2617	0
2618	0
2619	1
2620	0
2621	0
2622	0
2623	0
2624	1
2625	0
2626	0
2627	1
2628	0
2629	0
2630	1
2631	1
2632	1
2633	1
2634	1
2635	0
2636	0
2637	0
2638	0
2639	0
2640	1
2641	1
2642	1
2643	1
2644	1
2645	1
2646	1
2647	1
2648	0
2649	0
2650	0
2651	0
2652	0
2653	0
2654	0
2655	1
2656	1
2657	1
2658	1
2659	1
2660	1
2661	1
2662	1
2663	0
2664	0
2665	0
2666	0
2667	0
2668	0
2669	1
2670	1
2671	0
2672	0
2673	0
2674	1
2675	1
2676	1
2677	1
2678	1
2679	1
2680	1
2681	1
2682	1
2683	1
2684	0
2685	1
2686	1
2687	0
2688	0
2689	1
2690	0
2691	1
2692	0
2693	0
2694	1
2695	1
2696	0
2697	1
2698	0
2699	0
2700	1
2701	1
2702	1
2703	1
2704	0
2705	1
2706	1
2707	0
2708	0
2709	1
2710	0
2711	1
2712	1
2713	1
2714	1
2715	0
2716	1
2717	1
2718	1
2719	0
2720	1
2721	1
2722	1
2723	0
2724	0
2725	1
2726	1
2727	1
2728	1
2729	0
2730	0
2731	1
2732	0
2733	0
2734	0
2735	0
2736	1
2737	0
2738	1
2739	1
2740	0
2741	1
2742	1
2743	1
2744	0
2745	1
2746	1
2747	0
2748	1
2749	1
2750	1
2751	0
2752	0
2753	0
2754	0
2755	0
2756	0
2757	0
2758	1
2759	1
2760	1
2761	0
2762	1
2763	1
2764	0
2765	1
2766	0
2767	1
2768	1
2769	0
2770	0
2771	1
2772	1
2773	0
2774	1
2775	0
2776	0
2777	0
2778	0
2779	1
2780	0
2781	0
2782	1
2783	1
2784	1
2785	1
2786	0
2787	0
2788	1
2789	1
2790	1
2791	0
2792	1
2793	1
2794	1
2795	0
2796	1
2797	1
2798	1
2799	1
2800	1
2801	0
2802	0
2803	1
2804	1
2805	0
2806	1
2807	1
2808	1
2809	1
2810	0
2811	0
2812	0
2813	1
2814	0
2815	1
2816	1
2817	0
2818	0
2819	0
2820	1
2821	0
2822	0
2823	1
2824	0
2825	0
2826	1
2827	1
2828	1
2829	1
2830	1
2831	1
2832	1
2833	1
2834	1
2835	0
2836	0
2837	0
2838	0
2839	1
2840	1
2841	1
2842	1
2843	1
2844	1
2845	1
2846	1
2847	1
2848	1
2849	0
2850	0
2851	0
2852	0
2853	0
2854	0
2855	0
2856	0
4149	0
4150	0
4151	0
4152	0
4153	0
4154	1
4155	1
4156	1
4157	1
4158	1
4159	1
4160	1
4161	1
4162	1
4163	1
4164	1
4165	1
4166	0
4167	1
4168	1
4169	1
4170	1
4171	1
4172	1
4173	0
4174	1
4175	0
4176	0
4177	0
4178	0
4179	1
4180	1
4181	1
4182	1
4183	1
4184	0
4185	0
4186	0
4187	0
4188	0
4189	0
4190	1
4191	0
4192	0
4193	0
4194	1
4195	0
4196	0
4197	1
4198	0
4199	0
4200	0
4201	0
4202	0
4203	0
4204	0
4205	1
4206	1
4207	1
4208	1
4209	0
4210	1
4211	0
4212	0
4213	0
4214	0
4215	0
4216	0
4217	0
4218	0
4219	0
4220	1
4221	1
4222	0
4223	0
4224	0
4225	0
4226	1
4227	1
4228	0
4229	0
4230	0
4231	1
4232	1
4233	1
4234	1
4235	0
4236	0
4237	0
4238	0
4239	0
4240	0
4241	1
4242	1
4243	0
4244	1
4245	0
4246	0
4247	0
4248	1
4249	1
4250	0
4251	0
4252	0
4253	0
4254	0
4255	1
4256	1
4257	1
4258	1
4259	0
4260	0
4261	0
4262	1
4263	1
4264	1
4265	1
4266	0
4267	0
4268	0
4269	0
4270	0
4271	0
4272	0
4273	0
4274	1
4275	1
4276	1
4277	1
4278	1
4279	1
4280	1
4281	1
4282	1
4283	0
4284	1
4285	0
4286	0
4287	0
4288	0
4289	0
4290	1
4291	0
4292	1
4293	1
4294	1
4295	1
4296	0
4297	1
4298	1
4299	1
4300	1
4301	0
4302	0
4303	0
4304	0
4305	1
4306	0
4307	0
4308	0
4309	0
4310	0
4311	0
4312	0
4313	0
4314	1
4315	0
4316	1
4317	0
4318	0
4319	1
4320	0
4321	0
4322	0
4323	0
4324	0
4325	0
4326	1
4327	1
4328	1
4329	1
4330	1
4331	1
4332	1
4333	0
4334	0
4335	0
4336	0
4337	0
4338	0
4339	1
4340	1
4341	1
4342	1
4343	1
4344	1
4345	1
4346	0
4347	1
4348	0
4349	0
4350	0
4351	0
4352	1
4353	1
4354	1
4355	1
4356	1
4357	1
4358	0
4359	0
4360	0
4361	0
4362	0
4363	0
4364	0
4365	1
4366	1
4367	1
4368	1
4369	1
4370	0
4371	0
4372	0
4373	0
4374	0
4375	0
4376	1
4377	1
4378	1
4379	0
4380	0
4381	0
4382	1
4383	0
4384	1
4385	1
4386	1
4387	0
4388	0
4389	0
4390	0
4391	1
4392	1
4393	1
4394	1
4395	1
4396	1
4397	0
4398	0
4399	0
4400	0
4401	1
4402	0
4403	1
4404	1
4405	1
4406	1
4407	1
4408	1
4409	1
4410	0
4411	0
4412	0
4413	1
4414	1
4415	1
4416	1
4417	1
4418	1
4419	1
4420	0
4421	0
4422	0
4423	0
4424	1
4425	0
4426	0
4427	1
4428	0
4429	1
4430	0
4431	0
4432	0
4433	1
4434	0
4435	0
4436	0
4437	0
4438	1
4439	1
4440	1
4441	1
4442	1
4443	1
4444	1
4445	0
4446	0
4447	0
4448	0
4449	0
4450	0
4451	0
4452	0
4453	1
4454	1
4455	1
4456	1
4457	1
4458	1
4459	1
4460	0
4461	0
4462	0
4463	0
4464	0
4465	1
4466	1
4467	1
4468	1
4469	1
4470	0
4471	0
4472	1
4473	1
4474	1
4475	1
4476	1
4477	1
4478	1
4479	1
4480	1
4481	1
4482	1
4483	0
4484	0
4485	1
4486	1
4487	1
4488	0
4489	0
4490	0
4491	0
4492	0
4493	0
4494	0
4495	0
4496	0
4497	1
4498	1
4499	1
4500	1
4501	1
4502	1
4503	1
4504	0
4505	1
4506	1
4507	0
4508	0
4509	0
4510	0
4511	0
4512	0
4513	0
4514	0
4515	0
4516	0
4517	0
4518	0
4519	0
4520	0
4521	0
4522	1
4523	1
4524	0
4525	0
4526	0
4527	0
4528	1
4529	1
4530	0
4531	0
4532	0
4533	0
4534	1
4535	1
4536	0
4537	0
4538	0
4539	0
4540	0
4541	0
4542	1
4543	0
4544	0
4545	1
4546	1
4547	1
4548	1
4549	0
4550	0
4551	0
4552	0
4553	1
4554	1
4555	1
4556	1
4557	0
4558	0
4559	0
4560	0
4561	0
4562	0
4563	0
4564	0
4565	0
4566	0
4567	0
4568	0
4569	1
4570	1
4571	0
4572	0
4573	0
4574	0
4575	0
4576	1
4577	0
4578	1
4579	1
4580	1
4581	1
4582	1
4583	1
4584	1
4585	1
4586	0
4587	0
4588	0
4589	0
4590	0
4591	0
4592	1
4593	1
4594	1
4595	1
4596	1
4597	0
4598	1
4599	0
4600	0
4601	1
4602	1
4603	1
4604	1
4605	1
4606	0
4607	0
4608	0
4609	0
4610	0
4611	0
4612	0
4613	0
4614	1
4615	1
4616	1
4617	1
4618	1
4619	1
4620	1
4621	1
4622	1
4623	0
4624	0
4625	0
4626	0
4627	0
4628	1
4629	1
4630	0
4631	1
4632	1
4633	0
4634	0
4635	0
4636	1
4637	0
4638	0
4639	1
4640	1
4641	1
4642	1
4643	1
4644	1
4645	1
4646	0
4647	0
4648	0
4649	0
4650	0
4651	1
4652	1
4653	1
4654	1
4655	1
4656	1
4657	1
4658	0
4659	0
4660	1
4661	0
4662	0
4663	0
4664	1
4665	1
4666	0
4667	1
4668	1
4669	0
4670	0
4671	0
4672	0
4673	0
4674	0
4675	1
4676	1
4677	1
4678	1
4679	1
4680	1
4681	1
4682	1
4683	1
4684	0
4685	0
4686	0
4687	0
4688	0
4689	0
4690	1
4691	1
4692	1
4693	1
4694	1
4695	1
4696	0
4697	1
4698	1
4699	1
4700	1
4701	1
4702	1
4703	1
4704	1
4705	1
4706	1
4707	1
4708	1
4709	0
4710	1
4711	1
4712	0
4713	1
4714	1
4715	1
4716	1
4717	0
4718	1
4719	0
4720	1
4721	1
4722	0
4723	1
4724	0
4725	1
4726	0
4727	0
4728	0
4729	1
4730	1
4731	1
4732	0
4733	0
4734	0
4735	0
4736	1
4737	1
4738	0
4739	1
4740	1
4741	1
4742	0
4743	0
4744	1
4745	0
4746	0
4747	0
4748	0
4749	0
4750	0
4751	0
4752	0
4753	0
4754	0
4755	0
4756	0
4757	0
4758	0
4759	0
4760	0
4761	1
4762	0
4763	0
4764	1
4765	1
4766	1
4767	0
4768	1
4769	0
4770	1
4771	0
4772	0
4773	0
4774	0
4775	0
4776	0
4777	1
4778	1
4779	1
4780	0
4781	0
4782	1
4783	0
4784	1
4785	0
4786	1
4787	1
4788	0
4789	1
4790	0
4791	1
4792	1
4793	1
4794	1
4795	0
4796	1
4797	1
4798	0
4799	1
4800	0
4801	1
4802	1
4803	1
4804	1
4805	1
4806	1
4807	1
4808	1
4809	1
4810	1
4811	0
4812	0
4813	0
4814	0
4815	0
4816	0
4817	0
4818	0
4819	0
4820	0
4821	1
4822	1
4823	1
4824	1
4825	1
4826	1
4827	1
4828	1
4829	0
4830	0
4831	1
4832	1
4833	1
4834	1
4835	1
4836	0
4837	0
4838	0
4839	0
4840	0
4841	0
4842	1
4843	1
4844	1
4845	1
4846	1
4847	1
4848	1
4849	1
4850	1
4851	1
4852	1
4853	0
4854	0
4855	1
4856	1
4857	0
4858	1
4859	1
4860	0
4861	0
4862	1
4863	1
4864	1
4865	0
4866	0
4867	0
4868	1
4869	1
4870	1
4871	0
4872	0
4873	1
4874	1
4875	0
4876	1
4877	1
4878	0
4879	0
4880	0
4881	1
4882	1
4883	1
4884	1
4885	1
4886	1
4887	0
4888	1
4889	1
4890	1
4891	1
4892	1
4893	0
4894	1
4895	1
4896	1
4897	0
4898	0
4899	0
4900	0
4901	1
4902	1
4903	0
4904	1
4905	1
4906	1
4907	1
4908	1
4909	0
4910	0
4911	0
4912	0
4913	0
4914	0
4915	0
4916	0
4917	1
4918	1
4919	1
4920	1
4921	1
4922	0
4923	0
4924	0
4925	0
4926	1
4927	0
4928	1
4929	1
4930	1
4931	1
4932	1
4933	0
4934	1
4935	1
4936	1
4937	1
4938	1
4939	0
4940	0
4941	0
4942	0
4943	0
4944	0
4945	0
4946	0
4947	1
4948	1
4949	1
4950	1
4951	1
4952	1
4953	1
4954	1
4955	1
4956	1
4957	0
4958	0
4959	0
4960	0
4961	0
4962	1
4963	1
4964	0
4965	1
4966	1
4967	1
4968	1
4969	1
4970	1
4971	1
4972	1
4973	1
4974	0
4975	0
4976	1
4977	1
4978	1
4979	0
4980	0
4981	0
4982	0
4983	1
4984	1
4985	0
4986	0
4987	0
4988	0
4989	0
4990	0
4991	0
4992	1
4993	1
4994	0
4995	0
4996	0
4997	0
4998	1
4999	1
5000	1
5001	0
5002	0
5003	0
5004	1
5005	0
5006	0
5007	0
5008	0
5009	0
5010	0
5011	1
5012	0
5013	0
5014	0
5015	0
5016	0
5017	0
5018	0
5019	0
5020	0
5021	1
5022	1
5023	1
5024	1
5025	1
5026	1
5027	0
5028	0
5029	1
5030	1
5031	1
5032	0
5033	0
5034	1
5035	1
5036	1
5037	1
5038	1
5039	1
5040	1
5041	0
5042	0
5043	0
5044	0
5045	1
5046	1
5047	1
5048	1
5049	1
5050	1
5051	1
5052	0
5053	0
5054	1
5055	1
5056	1
5057	0
5058	0
5059	0
5060	1
5061	1
5062	1
5063	1
5064	1
5065	1
5066	1
5067	1
5068	1
5069	1
5070	1
5071	1
5072	1
5073	1
5074	0
5075	0
5076	0
5077	0
5078	0
5079	1
5080	1
5081	1
5082	1
5083	1
5084	0
5085	1
5086	0
5087	1
5088	1
5089	1
5090	1
5091	0
5092	0
5093	0
5094	0
5095	0
5096	0
5097	0
5098	0
5099	0
5100	0
5101	0
5102	0
5103	0
5104	0
5105	0
5106	0
5107	1
5108	1
5109	1
5110	1
5111	0
5112	1
5113	0
5114	0
5115	0
5116	1
5117	1
5118	1
5119	1
5120	1
5121	0
5122	1
5123	1
5124	1
5125	1
5126	1
5127	1
5128	0
5129	1
5130	1
5131	0
5132	0
5133	0
5134	0
5135	1
5136	1
5137	1
5138	1
5139	1
5140	1
5141	1
5142	1
5143	1
5144	0
5145	1
5146	1
5147	0
5148	0
5149	0
5150	1
5151	1
5152	0
5153	1
5154	0
5155	0
5156	0
5157	1
5158	1
5159	1
5160	1
5161	1
5162	1
5163	0
5164	0
5165	0
5166	0
5167	0
5168	1
5169	1
5170	1
5171	1
5172	1
5173	1
5174	1
5175	1
5176	1
5177	0
5178	0
5179	1
5180	1
5181	1
5182	0
5183	0
5184	0
5185	0
5186	1
5187	1
5188	1
5189	1
5190	1
5191	1
5192	1
5193	0
5194	0
5195	0
5196	0
5197	1
5198	1
5199	1
5200	1
5201	1
5202	1
5203	1
5204	0
5205	0
5206	0
5207	0
5208	1
5209	1
5210	1
5211	1
5212	0
5213	0
5214	0
5215	1
5216	1
5217	1
5218	0
5219	0
5220	1
5221	1
5222	0
5223	1
5224	1
5225	0
5226	0
5227	0
5228	0
5229	0
5230	0
5231	0
5232	1
5233	1
5234	1
5235	1
5236	1
5237	0
5238	1
5239	1
5240	1
5241	0
5242	0
5243	0
5244	0
5245	1
5246	1
5247	1
5248	1
5249	1
5250	1
5251	1
5252	1
5253	1
5254	0
5255	1
5256	0
5257	1
5258	1
5259	0
5260	0
5261	0
5262	0
5263	0
5264	0
5265	0
5266	1
5267	1
5268	0
5269	0
5270	0
5271	1
5272	0
5273	0
5274	1
5275	1
5276	1
5277	1
5278	1
5279	1
5280	0
5281	0
5282	0
5283	0
5284	0
5285	0
5286	1
5287	0
5288	1
5289	1
5290	0
5291	0
5292	1
5293	1
5294	1
5295	1
5296	1
5297	1
5298	0
5299	0
5300	0
5301	0
5302	1
5303	0
5304	1
5305	1
5306	1
5307	0
5308	0
5309	0
5310	0
5311	1
5312	1
5313	1
5314	0
5315	1
5316	1
5317	1
5318	0
5319	1
5320	0
5321	0
5322	0
5323	0
5324	0
5325	1
5326	0
5327	0
5328	0
5329	0
5330	0
5331	0
5332	0
5333	0
5334	0
5335	0
5336	0
5337	0
5338	0
5339	0
5340	0
5341	0
5342	0
5343	1
5344	1
5345	0
5346	0
5347	0
5348	1
5349	1
5350	1
5351	1
5352	1
5353	0
5354	0
5355	0
5356	0
5357	0
5358	1
5359	1
5360	1
5361	0
5362	0
5363	0
5364	0
5365	1
5366	1
5367	1
5368	0
5369	0
5370	1
5371	0
5372	1
5373	1
5374	1
5375	0
5376	0
5377	0
5378	1
5379	1
5380	1
5381	1
5382	1
5383	1
5384	1
5385	0
5386	0
5387	0
5388	0
5389	0
5390	1
5391	1
5392	1
5393	1
5394	1
5395	1
5396	1
5397	0
5398	1
5399	1
5400	1
5401	0
5402	1
5403	0
5404	0
5405	1
5406	1
5407	1
5408	0
5409	0
5410	1
5411	1
5412	0
5413	1
5414	0
5415	0
5416	0
5417	0
5418	0
5419	1
5420	1
5421	1
5422	1
5423	1
5424	0
5425	0
5426	0
5427	1
5428	0
5429	1
5430	0
5431	1
5432	0
5433	1
5434	1
5435	1
5436	0
5437	0
5438	0
5439	0
5440	0
5441	0
5442	0
5443	0
5444	0
5445	0
5446	1
5447	1
5448	1
5449	0
5450	1
5451	0
5452	1
5453	0
5454	1
5455	0
5456	0
5457	0
5458	0
5459	0
5460	0
5461	0
5462	1
5463	1
5464	0
5465	1
5466	0
5467	0
5468	0
5469	0
5470	0
5471	1
5472	0
5473	0
5474	0
5475	1
5476	1
5477	0
5478	0
5479	1
5480	1
5481	1
5482	1
5483	0
5484	1
5485	1
5486	0
5487	1
5488	1
5489	0
5490	0
5491	0
5492	0
5493	0
5494	1
5495	1
5496	0
5497	1
5498	1
5499	0
5500	1
5501	1
5502	1
5503	1
5504	0
5505	0
5506	0
5507	0
5508	1
5509	1
5510	1
5511	0
5512	0
5513	0
5514	0
5515	0
5516	0
5517	1
5518	1
5519	1
5520	0
5521	0
5522	0
5523	1
5524	1
5525	1
5526	1
5527	1
5528	1
5529	1
5530	0
5531	0
5532	0
5533	1
5534	1
5535	1
5536	1
5537	1
5538	0
5539	0
5540	0
5541	1
5542	0
5543	1
5544	0
5545	1
5546	1
5547	1
5548	1
5549	1
5550	0
5551	0
5552	0
5553	0
5554	0
5555	0
5556	0
5557	1
5558	0
5559	0
5560	0
5561	0
5562	0
5563	0
5564	0
5565	0
5566	0
5567	0
5568	1
5569	1
5570	1
5571	0
5572	1
5573	1
5574	1
5575	1
5576	1
5577	1
5578	1
5579	1
5580	1
5581	1
5582	0
5583	0
5584	0
5585	0
5586	0
5587	1
5588	0
5589	1
5590	1
5591	1
5592	1
5593	1
5594	0
5595	1
5596	1
5597	1
5598	0
5599	0
5600	0
5601	1
5602	1
5603	0
5604	0
5605	0
5606	0
5607	0
5608	0
5609	0
5610	0
5611	0
5612	1
5613	1
5614	0
5615	0
5616	0
5617	1
5618	1
5619	1
5620	0
5621	0
5622	0
5623	0
5624	0
5625	1
5626	0
5627	0
5628	0
5629	1
5630	1
5631	0
5632	0
5633	0
5634	0
5635	0
5636	0
5637	1
5638	1
5639	0
5640	1
5641	0
5642	1
5643	1
5644	1
5645	1
5646	1
5647	0
5648	0
5649	0
5650	1
5651	1
5652	1
5653	1
5654	1
5655	1
5656	1
5657	1
5658	1
5659	1
5660	1
5661	1
5662	1
5663	0
5664	0
5665	0
5666	0
5667	0
5668	0
5669	0
5670	0
5671	0
5672	0
5673	1
5674	1
5675	1
5676	0
5677	1
5678	0
5679	0
5680	0
5681	0
5682	1
5683	1
5684	1
5685	1
5686	1
5687	1
5688	1
5689	1
5690	1
5691	0
5692	0
5693	0
5694	0
5695	1
5696	1
5697	1
5698	1
5699	1
5700	1
5701	1
5702	1
5703	1
5704	1
5705	1
5706	1
5707	1
5708	1
5709	1
5710	1
5711	0
5712	0
5713	0
5714	0
5715	1
5716	1
5717	1
5718	1
5719	1
5720	1
5721	1
5722	1
5723	1
5724	0
5725	1
5726	1
5727	0
5728	0
5729	1
5730	1
5731	0
5732	1
5733	1
5734	1
5735	1
5736	1
5737	1
5738	1
5739	1
5740	1
5741	0
5742	0
5743	0
5744	0
5745	0
5746	1
5747	1
5748	1
5749	1
5750	1
5751	1
5752	1
5753	1
5754	1
5755	0
5756	0
5757	0
5758	0
5759	1
5760	1
5761	1
5762	1
5763	1
5764	1
5765	1
5766	0
5767	1
5768	1
5769	1
5770	1
5771	1
5772	1
5773	1
5774	1
5775	0
5776	1
5777	1
5778	0
5779	0
5780	0
5781	0
5782	0
5783	0
5784	1
5785	1
5786	1
5787	1
5788	0
5789	0
5790	1
5791	1
5792	1
5793	0
5794	0
5795	0
5796	0
5797	1
5798	1
5799	1
5800	0
5801	1
5802	1
5803	1
5804	1
5805	0
5806	0
5807	0
5808	1
5809	1
5810	1
5811	1
5812	1
5813	1
5814	1
5815	1
5816	1
5817	1
5818	0
5819	0
5820	1
5821	0
5822	0
5823	0
5824	0
5825	0
5826	1
5827	1
5828	1
5829	1
5830	1
5831	1
5832	1
5833	1
5834	0
5835	0
5836	0
5837	0
5838	0
5839	0
5840	1
5841	1
5842	0
5843	0
5844	0
5845	0
5846	0
5847	0
5848	1
5849	1
5850	0
5851	1
5852	0
5853	0
5854	0
5855	0
5856	0
5857	0
5858	0
5859	0
5860	0
5861	0
5862	1
5863	0
5864	1
5865	1
5866	0
5867	1
5868	1
5869	1
5870	1
5871	0
5872	0
5873	0
5874	0
5875	0
5876	1
5877	1
5878	1
5879	1
5880	0
5881	0
5882	1
5883	1
5884	0
5885	0
5886	0
5887	1
5888	1
5889	1
5890	1
5891	1
5892	0
5893	0
5894	0
5895	0
5896	1
5897	1
5898	0
5899	0
5900	0
5901	0
5902	0
5903	1
5904	1
5905	0
5906	0
5907	1
5908	1
5909	1
5910	1
5911	1
5912	0
5913	0
5914	0
5915	0
5916	1
5917	1
5918	1
5919	1
5920	1
5921	0
5922	1
5923	1
5924	0
5925	0
5926	0
5927	1
5928	1
5929	1
5930	0
5931	1
5932	0
5933	0
5934	1
5935	1
5936	0
5937	0
5938	0
5939	0
5940	1
5941	1
5942	0
5943	0
5944	0
5945	0
5946	0
5947	0
5948	1
5949	0
5950	0
5951	0
5952	0
5953	1
5954	0
5955	1
5956	0
5957	1
5958	0
5959	0
5960	0
5961	0
5962	0
5963	0
5964	0
5965	0
5966	0
5967	0
5968	0
5969	0
5970	0
5971	0
5972	0
5973	0
5974	0
5975	0
5976	0
5977	0
5978	0
5979	0
5980	0
5981	0
5982	0
5983	0
5984	0
5985	0
5986	0
5987	0
5988	0
5989	0
5990	0
5991	0
5992	0
5993	0
5994	0
5995	0
5996	0
5997	0
5998	0
5999	0
6000	0
6001	0
6002	0
6003	0
6004	0
6005	0
6006	0
6007	1
6008	1
6009	0
6010	1
6011	0
6012	0
6013	0
6014	0
6015	1
6016	1
6017	1
6018	0
6019	0
6020	0
6021	0
6022	1
6023	1
6024	0
6025	0
6026	0
6027	1
6028	1
6029	1
6030	1
6031	1
6032	0
6033	0
6034	0
6035	0
6036	0
6037	0
6038	0
6039	0
6040	1
6041	1
6042	1
6043	1
6044	1
6045	1
6046	1
6047	1
6048	1
6049	1
6050	1
6051	1
6052	1
6053	1
6054	1
6055	0
6056	0
6057	0
6058	0
6059	0
6060	0
6061	1
6062	1
6063	0
6064	0
6065	0
6066	0
6067	0
6068	0
6069	0
6070	1
6071	1
6072	0
6073	0
6074	0
6075	0
6076	1
6077	1
6078	0
6079	0
6080	0
6081	0
6082	0
6083	0
6084	0
6085	0
6086	1
6087	1
6088	0
6089	0
6090	0
6091	1
6092	1
6093	1
6094	1
6095	0
6096	0
6097	0
6098	0
6099	1
6100	1
6101	1
6102	0
6103	0
6104	0
6105	1
6106	0
6107	0
6108	1
6109	1
6110	1
6111	0
6112	1
6113	1
6114	1
6115	0
6116	0
6117	0
6118	0
6119	1
6120	1
6121	1
6122	0
6123	0
6124	1
6125	1
6126	1
6127	1
6128	1
6129	1
6130	1
6131	0
6132	1
6133	0
6134	0
6135	1
6136	0
6137	1
6138	1
6139	1
6140	1
6141	0
6142	0
6143	0
6144	1
6145	1
6146	0
6147	0
6148	1
6149	1
6150	1
6151	1
6152	0
6153	1
6154	1
6155	0
6156	0
6157	0
6158	1
6159	1
6160	1
6161	1
6162	1
6163	0
6164	0
6165	0
6166	1
6167	1
6168	1
6169	1
6170	1
6171	1
6172	1
6173	0
6174	0
6175	0
6176	0
6177	0
6178	1
6179	1
6180	1
6181	0
6182	0
6183	0
6184	0
6185	0
6186	1
6187	1
6188	1
6189	0
6190	0
6191	0
6192	0
6193	0
6194	1
6195	1
6196	1
6197	1
6198	1
6199	1
6200	1
6201	0
6202	0
6203	0
6204	1
6205	1
6206	1
6207	1
6208	1
6209	0
6210	0
6211	0
6212	0
6213	0
6214	1
6215	1
6216	1
6217	1
6218	0
6219	1
6220	1
6221	1
6222	0
6223	0
6224	0
6225	0
6226	0
6227	1
6228	1
6229	1
6230	0
6231	1
6232	1
6233	1
6234	0
6235	0
6236	1
6237	0
6238	0
6239	1
6240	1
6241	1
6242	0
6243	1
6244	1
6245	1
6246	1
6247	0
6248	0
6249	1
6250	1
6251	1
6252	0
6253	1
6254	0
6255	0
6256	0
6257	1
6258	0
6259	0
6260	0
6261	0
6262	1
6263	1
6264	1
6265	0
6266	1
6267	1
6268	1
6269	0
6270	0
6271	1
6272	1
6273	0
6274	0
6275	0
6276	0
6277	0
6278	0
6279	0
6280	0
6281	0
6282	0
6283	0
6284	0
6285	0
6286	1
6287	1
6288	1
6289	1
6290	1
6291	1
6292	1
6293	1
6294	0
6295	1
6296	1
6297	1
6298	0
6299	0
6300	1
6301	1
6302	0
6303	0
6304	0
6305	0
6306	0
6307	1
6308	1
6309	0
6310	0
6311	0
6312	0
6313	0
6314	0
6315	1
6316	1
6317	0
6318	1
6319	1
6320	1
6321	1
6322	0
6323	1
6324	1
6325	0
6326	1
6327	0
6328	0
6329	0
6330	0
6331	0
6332	1
6333	0
6334	1
6335	1
6336	0
6337	0
6338	1
6339	1
6340	1
6341	1
6342	0
6343	0
6344	1
6345	1
6346	1
6347	1
6348	0
6349	0
6350	0
6351	0
6352	0
6353	1
6354	1
6355	1
6356	1
6357	1
6358	1
6359	1
6360	0
6361	1
6362	1
6363	0
6364	0
6365	1
6366	0
6367	0
6368	0
6369	0
6370	1
6371	0
6372	0
6373	0
6374	0
6375	0
6376	0
6377	0
6378	1
6379	1
6380	1
6381	1
6382	1
6383	0
6384	0
6385	0
6386	0
6387	1
6388	0
6389	1
6390	0
6391	0
6392	1
6393	0
6394	0
6395	0
6396	0
6397	0
6398	1
6399	1
6400	1
6401	1
6402	1
6403	1
6404	1
6405	0
6406	1
6407	1
6408	1
6409	1
6410	1
6411	1
6412	1
6413	1
6414	1
6415	1
6416	1
6417	0
6418	1
6419	1
6420	1
6421	1
6422	0
6423	1
6424	1
6425	1
6426	0
6427	0
6428	0
6429	0
6430	0
6431	0
6432	0
6433	0
6434	0
6435	0
6436	0
6437	0
6438	0
6439	0
6440	0
6441	0
6442	0
6443	0
6444	0
6445	0
6446	0
6447	0
6448	0
6449	0
6450	0
6451	0
6452	0
6453	0
6454	0
6455	0
6456	0
6457	0
6458	0
6459	0
6460	0
6461	0
6462	0
6463	0
6464	0
6465	0
6466	0
6467	0
6468	0
6469	0
6470	0
6471	0
6472	0
6473	0
6474	0
6475	0
6476	0
6477	0
6478	0
6479	0
6480	0
6481	0
6482	0
6483	0
6484	0
6485	0
6486	0
6487	0
6488	0
6489	0
6490	0
6491	0
6492	0
6493	0
6494	0
6495	0
6496	0
6497	0
6498	0
6499	0
6500	0
6501	0
6502	0
6503	0
6504	0
6505	0
6506	0
6507	0
6508	0
6509	0
6510	0
6511	0
6512	0
6513	0
6514	0
6515	0
6516	0
6517	0
6518	0
6519	0
6520	0
6521	0
6522	0
6523	0
6524	0
6525	0
6526	0
6527	0
6528	0
6529	0
6530	0
6531	0
6532	0
6533	0
6534	0
6535	0
6536	0
6537	0
6538	0
6539	0
6540	0
6541	0
6542	0
6543	0
6544	0
6545	0
6546	0
6547	0
6548	0
6549	0
6550	0
6551	0
6552	0
6553	0
6554	0
6555	0
6556	0
6557	0
6558	0
6559	0
6560	0
6561	0
6562	0
6563	0
6564	0
6565	0
6566	0
6567	0
6568	0
6569	0
6570	0
6571	0
6572	0
6573	0
6574	0
6575	0
6576	0
6577	0
6578	0
6579	0
6580	0
6581	0
6582	0
6583	0
6584	0
6585	0
6586	0
6587	0
6588	0
6589	0
6590	0
6591	0
6592	0
6593	0
6594	0
6595	0
6596	0
6597	0
6598	0
6599	0
6600	0
6601	0
6602	0
6603	0
6604	0
6605	0
6606	0
6607	1
6608	1
6609	1
6610	0
6611	1
6612	1
6613	1
6614	1
6615	0
6616	0
6617	0
6618	0
6619	0
6620	0
6621	1
6622	1
6623	1
6624	1
6625	1
6626	0
6627	0
6628	1
6629	1
6630	1
6631	1
6632	1
6633	1
6634	0
6635	1
6636	1
6637	1
6638	0
6639	0
6640	0
6641	1
6642	0
6643	0
6644	0
6645	0
6646	0
6647	0
6648	0
6649	1
6650	1
6651	1
6652	1
6653	1
6654	1
6655	1
6656	1
6657	1
6658	0
6659	1
6660	0
6661	1
6662	1
6663	0
6664	0
6665	0
6666	0
6667	0
6668	0
6669	0
6670	0
6671	0
6672	1
6673	1
6674	0
6675	0
6676	0
6677	1
6678	1
6679	1
6680	1
6681	1
6682	1
6683	1
6684	0
6685	0
6686	0
6687	0
6688	1
6689	1
6690	1
6691	1
6692	0
6693	0
6694	0
6695	0
6696	1
6697	1
6698	1
6699	1
6700	0
6701	0
6702	0
6703	0
6704	0
6705	0
6706	1
6707	1
6708	1
6709	1
6710	1
6711	1
6712	1
6713	0
6714	1
6715	0
6716	1
6717	1
6718	1
6719	0
6720	1
6721	1
6722	1
6723	0
6724	0
6725	1
6726	1
6727	1
6728	1
6729	1
6730	1
6731	0
6732	1
6733	0
6734	0
6735	0
6736	1
6737	1
6738	0
6739	0
6740	0
6741	0
6742	0
6743	1
6744	1
6745	1
6746	1
6747	0
6748	0
6749	0
6750	0
6751	1
6752	1
6753	1
6754	1
6755	0
6756	0
6757	0
6758	0
6759	0
6760	1
6761	1
6762	0
6763	1
6764	1
6765	1
6766	1
6767	1
6768	0
6769	0
6770	1
6771	1
6772	1
6773	1
6774	1
6775	1
6776	1
6777	1
6778	1
6779	1
6780	0
6781	0
6782	0
6783	0
6784	0
6785	0
6786	0
6787	0
6788	0
6789	1
6790	1
6791	1
6792	1
6793	1
6794	0
6795	0
6796	0
6797	0
6798	0
6799	0
6800	0
6801	0
6802	1
6803	1
6804	0
6805	0
6806	0
6807	0
6808	0
6809	0
6810	0
6811	0
6812	0
6813	0
6814	1
6815	1
6816	1
6817	1
6818	1
6819	0
6820	0
6821	0
6822	0
6823	0
6824	0
6825	0
6826	1
6827	1
6828	1
6829	1
6830	1
6831	0
6832	0
6833	1
6834	0
6835	0
6836	1
6837	0
6838	0
6839	0
6840	0
6841	1
6842	1
6843	1
6844	0
6845	0
6846	0
6847	0
6848	1
6849	1
6850	0
6851	1
6852	1
6853	1
6854	1
6855	1
6856	1
6857	1
6858	0
6859	1
6860	0
6861	0
6862	1
6863	1
6864	1
6865	0
6866	1
6867	1
6868	1
6869	1
6870	1
6871	1
6872	1
6873	0
6874	0
6875	1
6876	1
6877	1
6878	1
6879	1
6880	1
6881	0
6882	0
6883	0
6884	0
6885	1
6886	1
6887	0
6888	1
6889	0
6890	0
6891	1
6892	1
6893	1
6894	1
6895	1
6896	0
6897	0
6898	0
6899	0
6900	0
6901	1
6902	1
6903	0
6904	1
6905	1
6906	1
6907	1
6908	1
6909	0
6910	0
6911	0
6912	0
6913	1
6914	1
6915	1
6916	1
6917	1
6918	0
6919	0
6920	1
6921	1
6922	1
6923	0
6924	1
6925	1
6926	0
6927	0
6928	0
6929	0
6930	0
6931	0
6932	1
6933	1
6934	1
6935	0
6936	0
6937	1
6938	1
6939	1
6940	1
6941	1
6942	1
6943	0
6944	0
6945	1
6946	1
6947	1
6948	1
6949	1
6950	0
6951	1
6952	1
6953	1
6954	1
6955	1
6956	1
6957	1
6958	1
6959	1
6960	0
6961	1
6962	1
6963	1
6964	1
6965	1
6966	1
6967	1
6968	0
6969	1
6970	1
6971	1
6972	1
6973	1
6974	1
6975	1
6976	1
6977	1
6978	0
6979	0
6980	0
6981	0
6982	0
6983	0
6984	0
6985	0
6986	0
6987	0
6988	1
6989	1
6990	1
6991	1
6992	1
6993	0
6994	0
6995	0
6996	1
6997	1
6998	1
6999	0
7000	0
7001	1
7002	0
7003	1
7004	1
7005	0
7006	0
7007	0
7008	0
7009	1
7010	1
7011	0
7012	1
7013	0
7014	0
7015	1
7016	1
7017	1
7018	0
7019	0
7020	0
7021	0
7022	0
7023	0
7024	0
7025	0
7026	0
7027	0
7028	0
7029	0
7030	0
7031	1
7032	1
7033	1
7034	1
7035	1
7036	0
7037	1
7038	1
7039	1
7040	1
7041	1
7042	1
7043	1
7044	0
7045	1
7046	1
7047	0
7048	1
7049	1
7050	1
7051	1
7052	1
7053	1
7054	1
7055	0
7056	0
7057	0
7058	1
7059	1
7060	1
7061	1
7062	1
7063	0
7064	0
7065	0
7066	0
7067	0
7068	1
7069	1
7070	1
7071	1
7072	0
7073	0
7074	0
7075	1
7076	1
7077	1
7078	1
7079	1
7080	1
7081	1
7082	0
7083	0
7084	0
7085	0
7086	0
7087	0
7088	0
7089	0
7090	0
7091	0
7092	0
7093	0
7094	0
7095	0
7096	0
7097	0
7098	0
7099	0
7100	0
7101	0
7102	0
7103	0
7104	0
7105	0
7106	0
7107	0
7108	0
7109	0
7110	0
7111	0
7112	0
7113	0
7114	0
7115	0
7116	0
7117	0
7118	0
7119	0
7120	0
7121	0
7122	0
7123	0
7124	0
7125	0
7126	0
7127	0
7128	0
7129	0
7130	0
7131	0
7132	0
7133	1
7134	1
7135	1
7136	1
7137	1
7138	1
7139	1
7140	0
7141	0
7142	0
7143	0
7144	0
7145	0
7146	0
7147	0
7148	0
7149	0
7150	0
7151	0
7152	0
7153	0
7154	0
7155	1
7156	1
7157	1
7158	0
7159	1
7160	0
7161	0
7162	1
7163	1
7164	1
7165	1
7166	0
7167	0
7168	0
7169	0
7170	0
7171	0
7172	0
7173	0
7174	0
7175	0
7176	0
7177	0
7178	0
7179	0
7180	0
7181	0
7182	0
7183	0
7184	0
7185	0
7186	0
7187	0
7188	0
7189	0
7190	0
7191	0
7192	0
7193	0
7194	0
7195	0
7196	0
7197	0
7198	0
7199	0
7200	0
7201	0
7202	0
7203	0
7204	0
7205	0
7206	0
7207	0
7208	0
7209	0
7210	0
7211	0
7212	0
7213	0
7214	0
7215	0
7216	0
7217	0
7218	0
7219	0
7220	0
7221	0
7222	0
7223	0
7224	0
7225	0
7226	0
7227	0
7228	0
7229	0
7230	0
7231	0
7232	0
7233	0
7234	0
7235	0
7236	0
7237	0
7238	0
7239	0
7240	0
7241	0
7242	0
7243	0
7244	0
7245	0
7246	0
7247	0
7248	0
7249	1
7250	1
7251	1
7252	1
7253	0
7254	1
7255	0
7256	1
7257	1
7258	1
7259	0
7260	0
7261	1
7262	1
7263	1
7264	1
7265	0
7266	0
7267	1
7268	1
7269	1
7270	1
7271	1
7272	0
7273	0
7274	0
7275	0
7276	1
7277	1
7278	1
7279	1
7280	1
7281	1
7282	1
7283	1
7284	1
7285	0
7286	0
7287	1
7288	1
7289	1
7290	1
7291	1
7292	0
7293	0
7294	1
7295	1
7296	1
7297	0
7298	0
7299	0
7300	0
7301	0
7302	0
7303	1
7304	1
7305	1
7306	0
7307	1
7308	1
7309	0
7310	1
7311	1
7312	1
7313	1
7314	0
7315	0
7316	0
7317	0
7318	0
7319	0
7320	0
7321	0
7322	0
7323	0
7324	1
7325	1
7326	1
7327	1
7328	1
7329	0
7330	1
7331	1
7332	1
7333	1
7334	1
7335	0
7336	0
7337	0
7338	1
7339	1
7340	0
7341	0
7342	1
7343	1
7344	1
7345	0
7346	1
7347	0
7348	1
7349	1
7350	1
7351	0
7352	1
7353	1
7354	0
7355	0
7356	0
7357	0
7358	0
7359	0
7360	0
7361	1
7362	1
7363	0
7364	1
7365	1
7366	1
7367	0
7368	0
7369	0
7370	1
7371	0
7372	1
7373	1
7374	1
7375	1
7376	0
7377	1
7378	1
7379	1
7380	1
7381	1
7382	0
7383	0
7384	0
7385	0
7386	1
7387	1
7388	1
7389	0
7390	0
7391	1
7392	1
7393	0
7394	0
7395	0
7396	1
7397	1
7398	1
7399	1
7400	0
7401	1
7402	1
7403	1
7404	0
7405	0
7406	0
7407	0
7408	0
7409	1
7410	0
7411	0
7412	0
7413	1
7414	1
7415	1
7416	0
7417	1
7418	1
7419	1
7420	1
7421	0
7422	1
7423	1
7424	1
7425	0
7426	0
7427	0
7428	0
7429	1
7430	1
7431	1
7432	0
7433	1
7434	1
7435	1
7436	1
7437	1
7438	0
7439	1
7440	0
7441	0
7442	0
7443	0
7444	0
7445	1
7446	1
7447	1
7448	1
7449	1
7450	1
7451	0
7452	0
7453	1
7454	1
7455	1
7456	1
7457	0
7458	1
7459	1
7460	1
7461	1
7462	1
7463	1
7464	1
7465	1
7466	1
7467	1
7468	1
7469	1
7470	1
7471	1
7472	1
7473	1
7474	0
7475	0
7476	0
7477	0
7478	1
7479	1
7480	0
7481	0
7482	0
7483	0
7484	1
7485	1
7486	1
7487	1
7488	0
7489	0
7490	1
7491	1
7492	0
7493	1
7494	1
7495	1
7496	0
7497	0
7498	0
7499	0
7500	0
7501	0
7502	0
7503	1
7504	1
7505	0
7506	1
7507	0
7508	1
7509	0
7510	1
7511	1
7512	1
7513	1
7514	1
7515	1
7516	0
7517	0
7518	0
7519	1
7520	1
7521	0
7522	0
7523	0
7524	0
7525	0
7526	0
7527	0
7528	1
7529	1
7530	0
7531	0
7532	0
7533	1
7534	1
7535	1
7536	1
7537	1
7538	1
7539	0
7540	0
7541	0
7542	1
7543	1
7544	0
7545	1
7546	0
7547	1
7548	0
7549	0
7550	0
7551	0
7552	0
7553	0
7554	0
7555	1
7556	1
7557	1
7558	1
7559	1
7560	0
7561	1
7562	1
7563	1
7564	1
7565	1
7566	1
7567	0
7568	0
7569	1
7570	0
7571	1
7572	0
7573	1
7574	1
7575	1
7576	1
7577	1
7578	0
7579	0
7580	0
7581	0
7582	0
7583	0
7584	1
7585	1
7586	1
7587	1
7588	1
7589	0
7590	0
7591	0
7592	1
7593	0
7594	1
7595	0
7596	1
7597	1
7598	1
7599	0
7600	1
7601	0
7602	0
7603	0
7604	0
7605	0
7606	1
7607	0
7608	1
7609	1
7610	1
7611	0
7612	0
7613	0
7614	0
7615	0
7616	1
7617	1
7618	1
7619	1
7620	1
7621	0
7622	1
7623	0
7624	0
7625	0
7626	1
7627	1
7628	1
7629	0
7630	1
7631	1
7632	0
7633	0
7634	0
7635	0
7636	1
7637	1
7638	1
7639	1
7640	1
7641	1
7642	1
7643	0
7644	0
7645	0
7646	0
7647	1
7648	1
7649	1
7650	0
7651	1
7652	1
7653	1
7654	1
7655	0
7656	0
7657	1
7658	0
7659	1
7660	1
7661	0
7662	0
7663	1
7664	1
7665	1
7666	0
7667	1
7668	1
7669	1
7670	1
7671	1
7672	0
7673	0
7674	0
7675	0
7676	0
7677	0
7678	0
7679	0
7680	1
7681	1
7682	1
7683	0
7684	1
7685	1
7686	1
7687	1
7688	0
7689	0
7690	1
7691	1
7692	1
7693	1
7694	0
7695	1
7696	0
7697	1
7698	1
7699	1
7700	1
7701	1
7702	0
7703	0
7704	0
7705	0
7706	0
7707	0
7708	1
7709	0
7710	0
7711	0
7712	0
7713	1
7714	0
7715	0
7716	0
7717	0
7718	0
7719	0
7720	1
7721	1
7722	1
7723	1
7724	1
7725	0
7726	1
7727	1
7728	1
7729	1
7730	1
7731	1
7732	0
7733	0
7734	0
7735	1
7736	1
7737	1
7738	1
7739	0
7740	0
7741	0
7742	1
7743	1
7744	1
7745	1
7746	1
7747	1
7748	1
7749	1
7750	1
7751	1
7752	1
7753	1
7754	0
7755	0
7756	1
7757	1
7758	1
7759	1
7760	1
7761	0
7762	0
7763	1
7764	1
7765	1
7766	1
7767	1
7768	0
7769	0
7770	0
7771	1
7772	1
7773	1
7774	1
7775	0
7776	1
7777	1
7778	1
7779	1
7780	1
7781	0
7782	1
7783	1
7784	1
7785	1
7786	0
7787	0
7788	0
7789	0
7790	1
7791	1
7792	1
7793	0
7794	0
7795	0
7796	0
7797	0
7798	1
7799	0
7800	0
7801	0
7802	0
7803	0
7804	0
7805	0
7806	1
7807	1
7808	1
7809	0
7810	0
7811	0
7812	0
7813	1
7814	1
7815	1
7816	1
7817	0
7818	1
7819	1
7820	1
7821	1
7822	0
7823	0
7824	0
7825	0
7826	1
7827	1
7828	1
7829	1
7830	0
7831	1
7832	1
7833	1
7834	0
7835	0
7836	0
7837	0
7838	0
7839	0
7840	0
7841	0
7842	1
7843	1
7844	0
7845	0
7846	0
7847	1
7848	1
7849	1
7850	1
7851	1
7852	1
7853	1
7854	1
7855	1
7856	1
7857	0
7858	0
7859	0
7860	0
7861	0
7862	0
7863	0
7864	1
7865	1
7866	0
7867	0
7868	0
7869	0
7870	0
7871	0
7872	0
7873	0
7874	0
7875	0
7876	0
7877	0
7878	0
7879	1
7880	1
7881	1
7882	1
7883	1
7884	1
7885	1
7886	0
7887	0
7888	0
7889	0
7890	0
7891	0
7892	1
7893	1
7894	1
7895	1
7896	1
7897	1
7898	1
7899	0
7900	0
7901	0
7902	0
7903	0
7904	0
7905	0
7906	0
7907	0
7908	1
7909	0
7910	1
7911	0
7912	0
7913	0
7914	0
7915	0
7916	0
7917	0
7918	0
7919	0
7920	0
7921	0
7922	0
7923	0
7924	0
7925	0
7926	1
7927	1
7928	1
7929	1
7930	1
7931	1
7932	1
7933	0
7934	1
7935	1
7936	1
7937	0
7938	0
7939	0
7940	1
7941	1
7942	0
7943	0
7944	1
7945	1
7946	0
7947	1
7948	0
7949	0
7950	0
7951	0
7952	0
7953	0
7954	0
7955	0
7956	0
7957	0
7958	1
7959	0
7960	1
7961	1
7962	0
7963	0
7964	1
7965	1
7966	0
7967	0
7968	0
7969	0
7970	0
7971	0
7972	1
7973	1
7974	1
7975	1
7976	1
7977	1
7978	1
7979	1
7980	1
7981	0
7982	1
7983	0
7984	0
7985	0
7986	0
7987	0
7988	0
7989	0
7990	0
7991	0
7992	0
7993	0
7994	0
7995	0
7996	0
7997	0
7998	0
7999	0
8000	1
8001	1
8002	1
8003	1
8004	1
8005	1
8006	0
8007	1
8008	0
8009	1
8010	1
8011	1
8012	1
8013	1
8014	0
8015	0
8016	0
8017	1
8018	1
8019	1
8020	1
8021	0
8022	1
8023	0
8024	0
8025	1
8026	0
8027	0
8028	0
8029	0
8030	0
8031	0
8032	0
8033	1
8034	0
8035	0
8036	1
8037	0
8038	0
8039	0
8040	0
8041	0
8042	1
8043	1
8044	0
8045	1
8046	1
8047	1
8048	1
8049	1
8050	1
8051	0
8052	1
8053	0
8054	0
8055	0
8056	0
8057	0
8058	0
8059	1
8060	1
8061	1
8062	1
8063	0
8064	0
8065	0
8066	0
8067	1
8068	1
8069	1
8070	1
8071	0
8072	0
8073	0
8074	0
8075	0
8076	0
8077	0
8078	0
8079	1
8080	1
8081	1
8082	1
8083	0
8084	0
8085	0
8086	1
8087	1
8088	1
8089	1
8090	0
8091	0
8092	0
8093	0
8094	0
8095	1
8096	0
8097	0
8098	0
8099	0
8100	1
8101	1
8102	1
8103	1
8104	0
8105	1
8106	1
8107	0
8108	1
8109	1
8110	0
8111	0
8112	1
8113	1
8114	1
8115	1
8116	0
8117	0
8118	0
